268
216
202
263
253
194
225
252
233
199
223
258
219
202
221
255
203
202
221
252
200
201
241
246
208
201
258
229
213
202
269
215
217
201
276
201
220
199
277
183
220
196
274
175
221
213
269
185
222
233
255
191
222
246
240
191
220
249
224
192
219
252
208
198
219
252
194
197
223
249
201
199
248
235
209
193
263
215
214
190
272
198
217
190
277
183
213
192
275
176
219
195
271
176
219
220
263
184
220
236
248
189
219
244
231
187
219
245
217
187
218
247
201
190
216
244
195
191
236
237
204
190
254
220
209
189
266
205
213
190
273
193
216
192
276
177
217
190
272
166
218
202
267
175
219
224
254
182
218
238
238
188
217
248
223
191
216
255
206
193
215
251
191
195
217
248
196
196
244
238
204
197
259
222
208
194
268
205
211
194
274
188
214
193
272
174
214
193
268
173
215
219
261
182
215
235
245
187
214
247
227
191
213
253
212
192
212
253
195
193
211
248
188
192
229
242
196
193
249
226
203
192
262
210
206
192
269
195
209
192
272
179
209
191
268
166
210
204
263
176
212
227
249
182
211
241
233
187
210
250
217
190
209
254
198
192
208
251
183
192
209
247
188
193
237
238
196
196
253
222
201
195
263
205
204
194
268
188
206
192
266
172
206
189
262
168
207
215
255
177
208
233
238
184
206
244
220
189
205
254
203
193
203
256
185
193
202
253
178
195
221
247
187
196
241
231
192
196
253
212
196
199
259
202
197
198
262
183
197
197
258
170
198
208
251
179
198
231
236
184
197
244
217
187
193
252
200
191
192
257
181
191
191
253
165
192
194
249
172
193
220
236
179
194
238
221
183
193
247
203
186
192
252
185
187
191
250
169
188
190
246
169
189
217
237
178
190
236
221
183
189
247
202
186
188
254
186
190
186
254
167
190
185
251
162
192
207
246
171
194
227
230
177
195
241
215
181
194
249
200
183
197
250
182
183
197
245
171
184
213
240
182
185
239
223
191
184
254
206
195
183
264
189
199
182
268
169
201
181
264
154
202
188
260
162
203
214
246
169
203
229
229
174
202
241
212
177
201
247
193
179
200
244
176
180
199
240
179
181
229
230
187
182
246
213
192
181
258
195
196
181
265
177
198
181
264
162
198
181
260
160
199
207
253
169
201
227
236
176
200
241
217
179
199
249
200
182
198
250
181
183
196
75
186
226
233
182
186
244
216
187
185
255
197
190
184
261
179
192
183
259
162
193
183
256
163
194
212
246
171
194
230
228
175
193
242
209
179
192
250
191
181
191
250
172
182
190
247
167
184
213
241
175
185
233
223
181
184
248
204
185
184
256
188
187
184
259
169
188
183
255
159
189
201
249
169
190
225
232
175
189
240
213
179
187
251
195
183
186
256
174
184
185
253
157
186
194
248
167
187
221
233
173
188
237
216
178
187
248
198
180
185
253
177
182
184
251
159
182
186
247
164
183
215
234
170
183
233
216
175
182
245
196
178
180
251
176
181
178
252
158
182
178
248
158
183
206
240
165
184
226
221
170
184
239
201
174
183
248
183
177
183
248
165
177
182
245
160
178
206
239
169
180
228
220
175
179
244
201
180
178
255
182
184
176
259
162
187
175
256
150
188
192
251
159
190
216
235
165
189
231
216
170
189
243
198
173
188
248
176
173
187
244
160
175
196
240
168
176
223
226
175
177
241
208
180
176
252
189
183
176
259
169
184
175
256
151
185
177
253
157
187
208
241
164
188
228
224
168
187
241
203
172
186
248
183
175
184
247
164
175
184
246
163
177
212
237
170
178
232
218
176
178
247
198
180
177
256
179
182
176
257
159
183
175
254
153
184
198
248
161
186
220
230
166
185
236
209
170
184
247
190
173
183
250
169
174
182
247
157
176
199
242
166
177
223
225
171
177
240
206
176
176
251
187
178
176
257
166
180
175
254
148
181
185
250
158
183
213
235
164
183
230
216
168
181
243
197
171
181
251
175
174
178
250
155
175
181
247
160
176
212
234
166
177
232
217
170
177
245
195
174
176
253
175
176
175
253
156
176
175
250
156
178
205
241
162
179
225
223
167
178
240
201
170
177
250
181
175
172
255
156
178
171
253
150
180
194
247
156
181
217
230
161
181
234
209
166
180
245
189
168
179
250
166
170
178
246
154
171
195
242
162
173
221
225
168
173
239
206
172
172
251
186
175
172
257
163
176
171
255
146
177
181
251
154
179
209
236
160
179
229
217
165
178
243
197
168
178
251
174
169
176
249
153
171
179
246
158
173
210
234
164
174
231
215
168
172
245
194
172
171
254
173
174
171
255
152
176
170
252
152
176
200
244
158
177
221
225
162
177
237
203
165
176
247
182
168
174
250
160
170
173
249
153
172
198
243
160
173
221
225
164
173
238
202
168
172
250
183
171
171
255
160
172
170
252
147
174
186
248
155
175
213
231
160
175
232
210
164
174
244
190
166
173
251
166
168
171
250
147
170
181
247
155
171
209
232
160
172
229
213
164
171
244
192
167
171
252
169
169
170
252
148
170
170
249
152
171
203
237
158
172
224
218
162
171
240
196
166
170
251
173
168
168
252
152
169
167
249
149
171
196
242
155
172
219
223
160
171
236
201
163
170
247
179
166
169
251
156
166
168
249
148
168
189
243
155
169
215
225
159
169
233
204
162
168
246
183
165
167
252
159
166
166
249
143
168
180
246
151
170
207
230
156
170
227
210
160
168
241
189
162
168
250
165
163
166
249
144
165
173
246
152
167
204
233
157
167
225
213
160
167
241
191
163
165
250
168
166
164
252
146
167
163
249
147
168
195
240
153
169
218
221
156
168
235
198
160
167
246
175
162
166
249
152
164
165
247
146
165
191
241
153
166
214
222
157
166
232
199
160
165
246
180
163
164
252
155
164
163
250
142
166
180
246
150
168
207
229
154
167
226
207
157
166
241
186
160
166
250
162
162
165
249
143
163
174
246
150
165
204
231
155
165
226
211
159
164
241
188
162
162
252
166
164
162
252
143
166
162
249
146
167
195
239
151
168
217
221
155
167
235
198
158
166
246
175
161
165
248
151
161
164
247
147
163
191
241
153
164
215
222
157
164
234
200
160
163
247
178
162
162
252
154
163
161
251
142
165
180
247
149
167
207
229
153
166
226
208
156
165
241
187
159
164
249
161
160
163
248
142
162
173
246
149
164
203
231
154
163
224
212
157
162
240
190
160
162
250
165
162
161
251
144
163
161
249
146
164
193
239
151
165
216
220
154
164
233
197
157
163
245
174
160
162
248
151
160
161
247
145
161
187
241
151
163
212
224
155
162
231
202
158
161
244
179
160
160
251
155
160
159
250
141
162
177
246
149
163
204
229
152
33
197
157
160
245
174
159
159
249
150
159
158
249
143
161
181
243
149
162
207
225
153
162
227
203
155
160
241
182
157
160
248
156
159
158
247
140
159
173
244
148
160
202
229
153
160
223
209
155
160
239
187
158
159
248
161
158
157
248
141
159
161
247
146
161
193
235
150
161
216
217
153
161
233
194
156
160
245
170
157
159
247
147
158
159
246
145
159
187
240
151
160
212
221
154
159
230
198
157
243
177
159
158
249
152
159
157
248
141
161
245
149
161
203
228
153
161
223
207
154
160
239
185
156
159
248
160
157
158
247
141
158
168
245
160
198
231
152
159
219
212
155
158
236
190
157
2211
213
154
155
228
193
154
155
240
170
155
153
244
147
155
153
244
142
155
173
239
150
156
197
224
153
156
217
206
154
155
232
186
155
154
242
162
154
153
244
141
154
153
244
145
155
181
235
152
156
204
219
154
155
221
198
154
154
235
178
154
154
243
154
153
153
244
139
154
163
242
147
156
189
230
152
155
209
213
153
155
226
192
154
154
238
170
154
153
244
147
153
152
244
142
154
172
240
150
155
195
224
152
154
214
206
153
154
230
186
153
153
241
162
153
152
243
142
153
152
242
143
154
180
236
150
154
202
219
152
154
220
199
153
153
234
179
153
152
243
155
153
151
244
138
153
161
242
145
154
186
230
151
155
207
214
152
154
224
194
153
153
237
172
153
152
242
149
152
151
243
140
153
169
240
148
154
194
224
151
153
212
207
152
153
228
187
153
152
240
163
152
151
243
142
152
150
243
142
153
177
236
149
154
198
220
151
153
217
201
152
153
232
181
152
152
242
157
151
150
244
138
151
157
241
144
152
183
230
150
153
204
215
152
152
222
195
152
152
235
174
152
151
242
150
151
149
243
138
152
165
240
146
153
189
226
149
153
209
210
152
152
225
190
152
151
238
167
151
150
242
145
151
149
244
142
151
172
240
148
152
195
225
151
152
214
208
152
151
231
188
152
150
244
163
151
149
249
142
151
151
251
146
151
178
245
151
151
201
230
153
151
221
208
153
149
238
185
153
149
250
157
151
147
253
142
150
158
254
149
150
183
244
152
150
207
226
153
149
227
203
152
148
243
177
152
147
252
152
151
146
256
144
150
164
255
151
150
189
241
153
149
212
221
153
148
231
198
152
148
246
170
151
146
253
147
150
146
257
146
149
172
253
151
150
195
237
153
149
218
215
153
148
236
192
152
147
250
163
150
146
255
143
150
150
257
148
149
177
249
152
149
201
233
153
148
223
210
152
147
241
185
151
146
251
157
149
145
255
143
149
158
257
150
150
183
245
152
149
207
228
153
148
228
205
152
147
244
178
151
146
253
152
150
145
256
145
149
165
255
151
149
189
242
152
148
212
222
152
147
231
198
152
146
248
170
150
145
254
147
149
145
256
146
149
171
253
151
149
194
237
152
148
217
215
152
146
236
192
151
145
250
163
149
145
254
144
149
151
256
148
149
176
248
151
148
200
232
152
146
222
210
151
145
239
184
150
144
250
156
149
143
254
143
148
157
256
149
147
182
244
152
147
205
228
152
146
226
205
151
144
244
178
150
144
252
152
148
143
255
146
148
163
254
150
147
187
241
152
146
211
223
151
145
231
200
151
144
247
172
149
143
252
148
148
143
256
147
147
169
252
151
146
192
238
151
146
215
218
152
144
235
194
150
143
249
165
148
143
254
145
147
149
256
148
147
174
249
151
146
198
235
152
145
220
213
151
144
239
187
149
143
250
160
148
143
254
146
147
155
255
150
147
180
246
153
146
203
230
151
144
224
208
150
143
242
181
149
142
250
155
148
142
254
146
146
161
255
151
146
185
243
152
145
208
225
151
144
228
202
150
142
245
173
148
142
251
149
147
141
254
147
146
167
252
151
146
190
239
151
144
212
219
150
142
232
196
149
142
247
167
147
141
251
146
146
146
253
148
146
172
248
151
145
195
234
151
143
217
213
150
142
236
189
149
141
248
160
147
140
251
145
146
153
253
148
146
177
244
151
144
200
230
151
143
222
208
150
142
239
182
149
141
247
155
146
141
251
146
145
158
251
150
145
182
241
151
144
205
224
151
142
226
202
150
142
242
175
148
141
248
150
146
140
251
147
146
164
250
150
145
187
238
151
144
209
220
150
142
229
198
149
141
244
48
140
245
157
146
140
249
146
145
156
250
150
144
179
241
151
143
201
226
150
141
223
204
150
140
239
177
148
140
245
152
145
139
249
147
145
162
248
151
145
185
238
150
143
206
220
149
141
226
199
148
140
241
172
146
140
245
148
145
142
248
147
144
166
245
150
144
188
234
150
142
211
215
150
141
231
193
148
140
242
165
146
139
246
145
145
147
248
148
144
170
242
150
143
193
231
150
142
215
211
149
140
234
187
147
139
242
159
145
139
246
145
144
153
248
148
144
175
239
150
142
197
225
150
141
219
206
148
140
236
180
146
139
242
155
145
139
246
146
144
158
246
149
143
179
236
150
141
202
221
149
140
222
201
147
139
238
174
146
139
243
150
145
139
246
147
144
163
244
150
142
184
234
149
141
206
216
148
139
226
196
147
139
239
168
145
138
243
146
144
143
246
148
143
166
241
149
143
188
231
150
141
211
213
149
139
230
190
146
138
240
162
145
138
243
145
143
149
245
148
143
172
238
149
141
194
227
148
139
215
208
148
138
233
183
146
137
240
156
144
137
244
145
144
154
244
148
142
175
236
149
142
197
223
148
139
219
203
146
138
235
178
144
138
241
152
143
137
243
146
142
159
242
149
141
180
233
149
140
202
218
148
138
223
198
145
137
237
171
143
136
241
146
143
140
244
146
143
163
240
148
141
185
231
148
139
207
214
147
137
227
192
145
137
238
164
143
137
241
145
142
146
243
147
141
168
237
148
140
189
226
147
139
211
208
146
138
230
185
145
136
238
158
144
136
240
146
142
152
241
148
141
173
234
148
139
195
222
147
138
216
203
146
137
232
178
144
136
238
152
142
135
240
145
141
156
240
147
140
177
231
147
139
199
216
146
137
220
197
145
136
233
171
143
135
237
147
142
138
239
146
140
161
236
147
139
181
227
147
138
203
211
145
137
223
190
144
136
234
163
141
134
237
144
140
143
238
145
139
166
233
146
138
186
223
145
137
207
206
144
135
225
184
143
134
233
156
141
134
236
143
139
148
236
145
139
169
230
146
137
190
218
144
136
211
201
143
134
227
175
141
133
233
150
139
132
235
142
138
152
235
144
137
172
226
144
135
193
212
143
133
214
195
141
132
228
168
139
131
232
144
138
133
234
142
136
156
231
144
136
176
223
143
134
197
207
142
132
217
188
140
131
228
160
137
130
231
141
136
139
233
142
135
160
227
143
134
181
219
142
132
202
202
140
130
219
180
139
129
227
154
135
129
229
140
134
144
230
141
134
164
224
141
133
185
213
140
131
206
197
139
130
221
173
128
226
147
134
128
229
139
133
149
228
141
168
220
140
131
189
208
138
129
209
189
137
128
222
164
135
127
225
140
133
131
228
139
132
153
140
131
173
216
139
129
193
202
138
128
213
183
135
84
79
118
98
77
81
78
129
73
83
80
112
105
80
82
80
124
64
83
79
118
96
77
82
77
128
70
83
80
113
102
80
82
84
123
62
82
78
120
93
77
80
76
127
67
82
78
114
99
74
80
77
126
73
82
79
107
104
78
81
76
125
64
82
78
115
97
75
81
75
127
70
82
79
108
103
77
81
75
123
63
82
78
117
95
74
80
75
126
68
82
79
111
101
79
81
80
122
61
81
77
118
91
75
80
75
125
65
81
78
112
98
71
80
75
126
71
80
79
104
105
75
79
74
123
63
81
77
113
96
72
80
75
126
70
79
78
107
101
75
79
74
121
60
80
77
115
92
72
79
74
125
65
80
77
108
98
67
78
75
124
74
78
77
100
104
73
78
73
123
63
79
77
111
95
68
78
73
124
70
78
77
102
101
73
78
73
122
59
79
76
112
93
68
78
74
124
66
78
76
104
99
63
77
74
123
74
76
77
95
115
56
78
75
121
79
75
78
82
117
52
77
75
117
84
72
76
72
120
57
78
75
112
91
67
77
73
123
64
76
75
104
96
62
76
73
121
70
76
76
96
112
54
76
73
122
76
74
76
84
114
50
77
73
116
81
71
76
72
119
55
76
74
112
87
67
76
71
121
60
76
74
106
93
62
75
72
121
69
75
75
98
111
54
76
73
121
74
74
76
85
114
48
76
73
117
78
71
76
72
117
52
76
74
113
85
67
75
71
120
58
75
73
107
91
62
75
71
121
66
74
75
99
109
54
74
71
120
73
69
117
52
74
71
108
85
61
74
70
120
58
73
71
101
92
54
73
69
119
65
71
73
91
109
46
72
71
118
70
69
74
78
112
44
74
70
114
77
66
74
69
117
50
73
72
109
82
61
73
69
118
55
72
71
103
89
54
73
69
119
63
70
72
93
108
47
73
69
118
67
68
73
81
111
42
73
69
114
73
66
72
68
115
47
72
71
111
81
61
72
68
118
52
71
71
104
87
55
72
68
118
60
70
72
95
106
47
71
69
118
66
68
72
85
109
41
71
70
116
70
65
71
68
113
44
72
69
112
77
61
72
68
116
48
71
71
106
84
55
71
68
118
55
70
70
97
105
48
71
68
118
62
67
71
86
108
41
71
69
116
68
64
72
72
111
42
72
69
113
74
61
71
67
116
46
70
69
107
81
56
71
67
117
51
69
69
100
87
50
70
68
118
60
67
70
90
107
41
70
68
116
65
65
72
77
109
39
70
69
112
70
61
70
67
113
44
69
68
108
79
57
71
67
116
48
68
69
102
84
50
70
67
118
56
68
69
92
105
42
69
67
117
62
64
70
80
109
36
69
67
113
68
62
71
66
112
41
69
68
110
76
57
69
66
116
46
69
69
104
82
52
69
67
116
53
67
68
96
103
44
69
67
118
60
65
70
85
107
37
69
67
114
65
61
70
69
110
39
69
67
111
73
57
69
65
115
43
69
68
106
80
52
70
66
116
50
66
69
98
102
45
68
66
118
58
64
69
88
106
38
68
66
116
63
62
70
74
109
36
68
67
113
69
59
69
65
114
41
68
67
107
78
52
68
65
117
46
66
68
100
84
47
69
66
117
54
64
69
91
104
39
67
66
117
60
61
68
79
107
33
68
67
114
66
59
69
65
111
38
67
66
110
73
54
67
64
116
44
66
68
104
81
48
67
65
117
51
65
67
94
103
40
67
65
117
58
61
69
84
107
33
67
66
114
63
59
69
69
109
35
66
67
110
70
55
68
65
116
41
65
66
106
78
49
67
65
118
47
64
67
98
101
42
67
65
118
55
62
67
88
105
34
67
66
117
61
59
68
75
110
32
67
66
112
67
55
67
64
114
38
65
66
108
76
50
66
65
117
44
64
66
101
82
44
66
65
118
52
62
67
92
105
37
65
64
117
58
59
68
80
108
31
66
65
114
64
57
67
64
112
34
65
65
110
72
52
66
64
116
40
64
66
104
80
45
67
64
118
48
62
66
95
103
39
66
64
118
56
59
66
85
107
32
65
64
116
61
57
67
70
110
32
65
65
112
69
52
66
63
115
38
64
65
107
78
47
66
63
117
45
62
66
99
102
41
65
64
118
54
60
66
89
105
32
64
64
117
59
57
66
76
110
30
64
65
113
65
53
67
64
114
35
63
64
109
75
49
65
63
117
41
62
65
102
82
42
65
63
119
49
60
65
93
105
35
64
64
118
57
57
66
80
109
30
64
64
115
63
54
66
64
111
32
63
64
111
71
49
65
63
116
38
62
65
104
80
44
65
63
118
47
61
64
97
104
38
63
63
119
54
58
66
86
108
30
63
63
117
61
55
65
71
112
29
63
63
112
69
50
64
62
117
35
61
64
107
77
46
65
62
119
43
60
65
99
103
39
64
63
120
52
58
65
90
107
33
64
64
118
59
55
65
78
110
28
63
63
115
65
52
64
62
115
33
63
64
110
74
47
64
62
120
40
61
64
102
83
41
64
62
120
49
58
65
94
107
34
63
63
119
56
56
65
82
110
28
62
63
116
64
53
65
66
114
31
61
63
112
70
49
64
63
118
36
61
63
106
80
43
64
62
121
45
59
64
97
106
36
63
63
121
52
56
65
87
110
30
62
63
118
61
53
66
72
113
28
62
63
114
68
49
64
62
117
34
61
64
109
77
45
63
62
120
41
59
64
102
85
39
62
62
121
50
58
65
92
108
32
63
63
120
57
54
65
78
112
26
62
62
115
65
51
65
62
116
32
62
63
111
75
47
65
62
121
39
60
64
104
82
41
63
62
121
47
58
64
95
108
35
63
62
120
56
56
65
84
111
28
62
64
118
63
52
65
69
115
30
62
63
113
72
48
64
62
120
36
60
64
107
81
44
64
62
122
45
59
64
99
106
37
62
63
121
54
57
64
88
113
30
60
63
120
63
53
64
73
116
26
61
62
115
62
61
125
48
58
64
96
112
34
62
61
123
58
54
64
84
116
27
61
62
119
65
51
64
69
120
30
60
63
115
75
48
63
61
123
37
58
63
109
84
43
62
61
125
45
57
63
101
93
37
61
61
124
55
56
64
89
115
29
61
62
122
63
53
64
75
120
26
61
62
117
72
48
63
61
123
35
59
63
111
81
44
63
61
126
42
57
64
104
91
39
61
61
125
52
56
63
94
115
33
61
61
123
60
53
63
80
119
26
60
62
120
68
51
64
63
122
32
60
63
114
78
45
62
60
127
39
58
63
106
88
41
61
61
127
49
57
64
98
114
34
60
62
124
58
53
63
86
118
27
59
62
121
66
52
63
70
121
30
60
62
117
75
47
63
60
126
36
59
62
111
86
42
62
60
127
45
57
63
102
95
36
61
62
126
56
54
64
90
118
29
61
62
123
64
52
76
121
27
61
63
118
73
49
64
61
126
34
60
62
84
45
61
62
128
43
58
63
105
92
38
61
61
127
53
56
64
94
118
32
61
62
125
62
54
64
82
122
60
6280
225
90
80
86
163
191
72
87
98
227
63
83
85
186
170
77
87
130
214
66
86
82
227
100
84
84
197
158
79
88
148
206
71
89
81
228
86
84
88
174
188
76
89
113
226
66
87
84
223
121
86
88
188
175
80
90
132
219
71
89
85
230
105
87
87
200
164
83
91
149
210
74
92
85
233
92
87
90
175
195
79
93
114
232
70
91
87
225
128
89
92
190
183
84
95
132
226
74
92
88
234
113
91
92
202
171
86
94
151
217
79
95
89
237
99
91
94
178
201
85
98
115
237
74
96
91
230
135
94
96
192
189
88
99
135
233
79
97
93
237
121
96
97
205
179
91
100
197
189
90
101
190
200
90
100
179
209
88
101
170
217
88
101
159
224
86
101
147
232
85
100
136
240
84
101
123
244
83
102
110
248
81
102
98
248
103
102
97
248
116
103
98
245
127
102
99
241
140
103
101
250
103
104
100
252
84
105
101
252
85
105
102
254
90
105
103
252
101
108
102
256
86
108
102
256
87
108
104
256
89
108
104
256
98
109
106
256
111
110
104
258
89
110
106
259
91
110
107
258
98
110
108
257
110
112
107
259
92
112
108
261
93
112
109
260
97
112
110
260
107
114
109
261
94
115
108
263
94
115
111
263
98
116
111
263
106
117
114
264
97
117
111
265
97
116
112
264
99
116
114
264
105
118
122
266
100
121
165
253
107
121
203
229
112
121
233
199
117
120
256
163
121
118
267
127
122
116
270
102
123
147
267
107
125
188
246
113
125
222
217
118
123
249
186
123
122
266
148
123
120
272
111
126
129
273
108
127
172
260
115
128
210
237
120
128
242
207
125
126
264
171
128
124
275
134
130
124
278
112
131
156
275
116
133
196
254
122
133
231
226
127
132
257
195
131
131
276
157
133
128
281
121
134
139
282
118
136
181
270
124
138
219
246
129
137
250
215
134
135
272
179
137
132
283
143
138
132
287
122
140
165
284
125
142
204
263
130
141
238
234
136
140
265
204
139
139
283
166
141
137
289
130
143
147
291
127
145
189
278
132
145
227
254
138
145
258
224
143
144
280
190
146
141
292
153
147
139
296
131
149
172
293
135
151
212
273
139
151
247
244
145
149
275
214
150
148
293
176
150
146
298
140
152
156
301
137
155
198
288
143
155
236
265
148
153
267
233
152
152
289
200
155
151
301
162
156
150
304
141
158
181
302
144
160
221
282
150
159
257
254
154
158
283
224
158
157
301
186
159
155
307
150
161
164
308
147
163
206
296
152
163
244
274
157
162
275
243
161
161
298
209
164
160
309
173
165
158
313
150
167
189
311
153
168
229
291
159
168
264
263
162
166
290
232
167
164
309
194
167
163
315
159
168
172
316
155
170
214
305
160
171
252
282
165
170
282
251
169
168
305
217
172
167
317
180
173
165
321
158
174
195
319
161
176
236
299
166
176
271
272
171
175
298
242
175
173
317
204
176
171
323
168
178
178
325
164
180
221
313
168
180
259
291
173
179
289
261
178
177
313
229
181
175
325
191
182
174
329
168
183
202
328
169
185
244
308
175
184
278
281
179
183
305
251
182
181
324
213
183
178
330
176
185
184
332
170
186
226
323
176
187
265
300
181
186
295
271
184
186
318
96
190
339
209
195
188
342
182
196
213
342
185
198
254
324
189
199
289
298
194
196
316
268
198
194
337
231
199
193
344
195
200
195
346
186
201
237
338
191
203
274
317
195
202
306
287
199
199
330
255
202
197
344
217
203
195
349
189
204
217
349
190
206
257
332
195
205
293
306
199
203
322
277
204
201
341
239
205
199
349
203
207
199
352
192
207
240
345
196
208
278
323
201
207
310
294
205
204
335
263
207
204
350
226
208
201
354
196
210
220
355
196
212
262
339
201
211
296
314
205
210
325
284
209
208
346
249
211
206
355
212
212
204
358
198
213
244
352
202
214
281
331
206
213
314
302
210
211
339
271
213
209
354
234
213
207
359
202
215
224
360
201
216
264
345
206
216
299
320
209
214
328
291
213
213
349
255
215
210
358
219
216
209
362
202
218
246
358
206
219
284
337
211
218
316
307
214
215
341
276
217
213
358
241
218
212
363
207
220
227
364
206
221
266
351
211
221
303
327
215
219
331
296
218
217
353
261
221
215
363
225
221
213
366
207
222
248
363
211
223
287
342
216
222
320
314
220
221
346
283
223
219
363
246
223
217
368
213
224
228
368
211
226
270
356
216
225
306
332
220
224
335
302
224
222
357
268
226
220
367
232
227
218
372
212
228
252
369
216
229
290
349
220
228
322
321
224
226
348
291
227
224
367
254
228
222
372
220
228
232
373
216
231
272
361
221
230
309
338
225
229
338
308
228
227
360
275
231
224
372
239
231
222
375
217
232
252
373
219
233
290
354
224
233
324
327
227
231
350
297
231
229
369
261
232
227
375
225
232
233
377
220
234
273
366
224
234
309
344
228
234
339
315
232
232
362
283
235
229
375
246
235
226
379
222
236
254
378
224
237
293
359
228
237
325
333
232
235
352
303
235
233
371
267
236
230
377
232
237
234
380
224
238
274
371
228
238
311
350
232
237
341
320
236
235
364
288
238
232
378
252
239
230
382
226
240
254
381
227
241
292
364
231
240
327
339
236
239
354
310
238
237
374
274
240
235
382
239
241
234
384
228
242
274
377
232
243
311
356
236
242
342
327
239
239
366
295
242
236
380
259
242
234
384
229
243
253
385
230
244
292
369
234
244
327
345
238
242
355
316
242
240
376
281
243
238
383
245
243
236
387
231
244
274
381
234
245
311
360
239
244
343
331
242
242
367
301
245
240
383
265
245
238
387
234
246
255
388
234
247
294
374
238
247
329
350
242
246
356
320
245
244
377
286
247
241
385
251
246
239
388
234
247
275
384
237
248
311
364
242
247
344
336
245
245
368
307
248
244
385
271
248
240
389
238
249
254
390
235
250
293
377
240
250
328
354
244
248
357
325
247
246
377
291
249
244
388
257
249
242
391
237
249
275
388
251
311
368
243
250
344
342
248
249
369
313
247
386
277
251
245
392
243
252
254
393
239
252
293
381
243
253
328
359
247
251
357
328
250
249
297
253
247
390
262
251
245
393
240
253
273
242
298
265
275
339
377
269
273
367
350
271
271
389
321
274
269
401
287
273
266
405
261
274
286
403
262
275
322
387
266
273
353
363
270
271
378
336
272
270
396
302
273
266
402
270
273
265
404
259
273
302
397
263
274
337
377
266
272
364
349
270
270
386
320
273
268
400
287
273
265
403
260
273
284
403
261
273
319
387
265
273
351
365
269
271
376
337
272
269
395
304
273
266
401
270
272
263
403
259
273
301
397
262
273
335
377
266
271
363
349
270
269
385
320
272
266
399
287
272
265
402
260
272
282
402
260
272
317
386
264
272
349
364
268
270
375
336
270
268
393
305
271
265
399
271
272
263
402
258
272
299
398
263
273
334
378
267
272
362
350
269
268
384
322
271
267
398
288
271
264
401
260
271
280
401
260
272
316
387
264
271
348
364
268
269
373
337
270
267
391
305
271
264
399
272
271
263
402
258
272
297
397
261
272
331
377
265
271
360
350
269
268
383
323
271
266
397
288
271
263
401
259
271
277
401
258
272
313
388
263
272
345
366
266
270
371
338
268
268
390
307
271
265
398
275
270
263
401
258
271
295
397
261
271
329
377
265
270
359
351
268
268
381
324
271
266
396
290
271
263
400
260
271
275
401
258
272
311
388
262
272
343
367
267
270
370
339
269
268
388
308
270
265
398
276
270
263
400
258
271
98
261
272
327
380
265
271
357
354
268
269
380
327
271
266
395
292
271
263
400
261
271
272
401
258
272
309
389
263
272
342
369
267
270
369
341
270
268
388
311
271
266
397
278
270
263
400
258
272
291
397
261
271
325
379
264
270
355
354
268
268
379
327
271
267
395
294
271
264
400
262
271
270
401
258
272
308
390
262
272
339
369
266
270
367
342
269
268
386
312
270
265
396
278
271
263
400
258
270
289
398
260
272
324
380
264
270
354
355
267
268
377
327
270
265
393
294
270
263
398
262
271
269
400
258
271
306
389
262
271
339
369
265
269
366
342
269
267
385
312
269
265
395
279
269
263
399
257
270
287
398
259
271
322
380
264
270
352
355
267
268
376
328
269
265
392
295
269
262
397
262
270
267
399
257
269
304
389
260
270
336
368
264
268
363
340
267
267
384
312
269
264
394
279
269
262
398
256
270
285
396
258
270
320
379
262
269
350
354
266
267
374
328
268
265
391
295
269
262
397
263
269
266
398
256
270
303
389
260
270
336
369
264
268
363
341
267
266
383
312
269
263
394
279
269
261
397
256
269
284
396
259
270
320
379
262
268
349
355
265
266
374
328
268
264
391
295
269
261
396
262
269
264
398
256
270
301
389
259
270
334
368
263
267
361
341
267
266
383
313
269
263
394
279
269
260
397
256
269
282
396
257
270
317
379
261
269
349
356
265
267
372
329
267
265
389
296
267
262
395
264
268
264
397
256
269
301
389
260
269
334
369
264
267
362
341
267
265
382
312
269
263
394
280
269
261
397
255
269
281
396
257
270
317
379
261
269
347
355
265
267
371
329
268
265
390
296
267
262
394
264
268
263
397
256
269
300
388
260
268
334
369
264
268
361
341
267
265
382
313
269
263
394
280
269
261
397
256
269
281
396
257
270
318
380
262
269
348
356
264
267
371
329
267
265
388
296
267
262
394
264
268
263
397
256
269
300
390
260
270
333
369
264
267
360
341
267
265
381
313
269
263
393
281
269
260
397
256
270
282
396
258
270
317
380
262
269
348
357
265
267
372
329
268
265
389
297
268
262
395
265
269
263
397
256
270
300
390
260
270
333
370
264
268
360
343
267
265
381
315
269
263
393
281
268
261
397
256
268
281
395
258
269
316
379
261
269
346
356
264
266
370
329
267
264
388
297
268
262
394
265
268
261
397
256
269
299
389
260
269
332
369
263
268
359
343
265
265
379
314
267
263
391
281
267
261
395
256
267
280
394
257
268
315
378
261
267
346
355
264
265
370
328
267
263
387
296
268
260
394
263
268
260
396
254
268
297
388
258
268
330
369
262
267
357
342
264
264
379
313
267
262
390
280
266
260
394
255
266
279
393
256
267
314
377
260
266
345
355
263
265
369
327
266
262
386
296
267
260
393
263
267
258
395
253
267
296
388
258
268
330
368
261
266
357
341
264
264
378
313
266
262
390
280
266
259
393
254
267
279
394
256
268
314
378
260
267
345
355
263
265
369
327
266
262
387
295
267
259
392
263
267
259
394
254
267
297
387
257
267
329
368
261
266
358
341
264
264
379
312
267
261
390
279
266
259
394
254
267
279
393
256
267
315
378
260
267
345
354
263
265
369
327
266
263
386
295
266
259
391
263
266
260
394
254
267
297
386
257
266
329
366
261
265
357
339
264
263
378
311
266
262
390
279
265
258
393
254
266
280
393
256
267
316
376
260
266
346
353
263
264
370
326
266
262
387
293
265
259
392
262
267
262
394
254
268
299
387
258
267
332
367
262
266
359
340
265
263
379
310
267
261
391
277
267
258
394
253
267
280
393
255
268
315
377
259
267
345
353
262
264
369
326
265
263
386
293
265
260
391
260
265
262
393
254
266
299
384
258
267
332
365
262
265
359
338
264
262
379
308
266
260
390
276
265
258
393
253
266
280
392
255
267
315
375
258
266
345
351
262
264
369
324
265
261
386
291
265
259
391
259
265
263
392
253
265
300
383
257
265
332
363
261
264
359
336
264
261
379
307
265
260
389
274
265
257
392
253
265
280
390
254
266
315
373
258
265
345
349
262
263
368
322
264
260
385
289
263
257
389
257
265
263
392
253
265
300
382
256
265
332
362
260
263
358
335
263
261
378
305
265
258
388
272
264
256
391
252
264
282
389
254
265
316
371
258
264
346
347
260
69
318
262
258
384
284
262
255
388
253
262
264
390
250
264
300
379
254
264
332
358
258
262
358
331
261
260
378
301
264
257
387
269
263
255
389
251
262
284
386
254
263
318
368
257
262
347
342
261
259
370
316
262
257
384
282
262
255
389
252
263
265
390
250
264
302
378
254
263
333
356
258
261
360
329
261
259
378
299
262
257
387
267
262
255
390
250
262
286
385
253
263
320
367
258
262
348
342
260
260
370
314
263
257
385
280
262
255
388
252
263
268
389
251
264
303
376
255
263
335
355
258
261
360
328
261
259
378
296
262
256
386
264
261
254
388
250
262
288
384
253
264
321
366
258
262
350
339
260
260
371
312
262
257
385
279
263
255
389
251
263
269
389
251
263
306
375
255
263
337
353
258
261
362
326
262
259
380
294
263
256
387
262
263
255
389
250
264
291
384
263
323
364
258
261
351
337
261
259
372
310
258
386
276
262
256
389
251
263
273
389
251
264
372
256
263
339
350
259
261
363
323
261
259
381
291
255
252
379
243
256
288
369
247
256
320
349
251
254
347
323
254
251
367
293
256
249
375
261
255
247
378
243
254
276
376
246
255
310
358
250
254
338
332
253
252
360
304
254
249
375
273
255
248
378
245
255
262
379
244
256
298
365
248
255
328
343
251
253
352
316
254
251
370
284
254
248
376
252
253
248
378
243
255
285
371
247
255
317
351
250
253
344
325
253
250
364
295
254
247
375
264
254
245
378
242
254
270
376
245
255
305
359
249
254
335
334
252
251
356
308
253
249
371
275
252
247
375
244
254
257
377
243
255
293
366
247
254
324
344
251
252
350
318
253
250
368
287
254
247
376
256
254
246
379
243
253
281
372
246
255
314
353
250
253
341
327
252
251
361
299
253
248
373
267
254
246
377
243
253
267
377
244
254
302
360
247
253
331
336
250
251
354
311
253
250
371
278
253
247
376
247
253
254
377
243
254
289
368
246
254
321
347
250
253
347
321
253
251
367
291
255
248
374
259
253
246
377
243
253
277
375
246
255
311
355
250
253
339
329
252
251
360
303
254
249
374
270
254
247
377
243
254
263
377
244
255
299
362
248
254
329
340
251
252
352
313
253
250
370
281
253
246
375
249
253
249
378
242
255
286
369
246
255
318
350
250
253
344
323
252
251
364
295
254
249
374
263
254
247
377
243
254
274
375
246
255
308
357
250
253
336
332
252
251
358
306
254
249
373
273
255
246
378
245
255
260
378
243
255
295
365
252
261
333
350
258
259
357
323
260
257
375
292
260
254
381
260
260
252
383
249
260
289
377
253
261
321
358
256
259
348
331
259
257
369
304
261
255
380
272
260
252
383
249
260
275
382
251
261
308
365
254
259
338
341
256
257
361
315
258
255
376
283
258
252
381
251
259
261
382
249
259
297
371
253
258
328
350
256
256
353
323
258
255
372
293
259
252
379
261
259
250
382
247
259
283
378
250
259
316
359
255
258
343
333
256
256
365
306
259
253
378
273
258
251
381
248
258
270
380
249
258
305
365
253
258
335
342
256
256
358
316
258
254
375
284
258
251
380
252
258
255
382
247
259
292
372
252
259
324
352
254
257
349
325
257
255
369
296
258
252
378
265
257
250
380
247
257
279
377
249
258
312
360
253
257
341
334
256
255
362
308
258
253
376
275
258
249
380
247
258
264
380
247
258
299
366
251
257
330
344
254
255
354
318
257
253
372
286
257
250
378
255
257
250
380
246
257
287
373
250
258
319
353
253
255
345
326
255
253
365
299
257
251
376
267
257
249
380
246
257
274
378
248
258
307
361
251
256
336
336
254
253
359
310
256
252
374
277
257
249
378
247
257
260
380
247
258
296
368
251
257
326
347
254
255
352
320
255
253
370
290
257
251
377
259
256
248
379
245
256
282
374
248
257
314
355
252
255
342
329
255
253
363
302
257
250
375
270
256
249
378
246
257
269
378
247
257
304
362
251
256
333
339
254
254
356
313
255
251
372
282
257
249
378
249
256
254
379
245
256
290
369
249
256
322
349
252
254
348
322
255
253
367
293
257
249
376
261
256
247
379
244
256
276
375
247
257
310
357
251
255
338
332
253
253
360
305
255
251
373
273
255
249
377
246
255
264
377
246
256
299
363
250
255
329
341
253
253
353
315
255
251
371
284
256
248
376
56
259
379
245
257
295
367
249
256
326
346
253
255
351
319
255
252
369
288
256
249
376
257
255
248
379
245
256
283
373
249
257
315
354
252
255
342
327
255
252
363
300
256
250
374
268
256
248
378
244
256
269
378
247
257
302
362
250
256
332
339
253
254
355
313
255
252
371
281
255
249
377
250
256
254
378
245
257
291
369
250
256
322
348
253
254
348
323
255
252
367
293
257
250
376
262
257
247
379
244
257
277
376
247
257
311
357
252
255
338
332
253
253
359
305
255
251
373
273
255
249
377
245
256
263
377
246
256
298
363
250
255
328
341
253
253
353
315
256
251
370
284
256
248
376
252
256
249
378
244
256
286
371
248
256
318
352
252
254
343
325
254
252
363
297
255
250
374
265
255
247
377
244
256
272
376
247
256
306
359
250
254
335
334
253
252
357
308
255
250
372
276
255
248
376
246
255
257
377
244
256
293
365
248
255
323
344
251
253
349
318
254
251
367
288
256
249
375
257
255
247
377
244
255
281
372
247
256
313
353
251
254
340
327
253
251
361
299
255
248
373
267
255
246
376
243
279
288
397
267
276
322
381
269
274
351
357
272
272
373
331
273
270
388
299
273
267
394
267
273
271
395
263
273
307
385
267
273
339
366
270
271
363
338
272
268
382
309
273
266
391
279
272
264
394
261
272
293
391
264
272
326
372
267
270
353
346
270
268
375
320
271
266
389
288
271
264
392
260
271
277
393
260
272
312
379
264
271
342
357
267
269
366
332
270
266
383
300
270
264
390
269
270
264
392
259
270
300
385
263
270
331
365
266
268
357
339
269
266
377
311
270
263
388
279
270
261
391
258
270
285
390
260
270
318
373
264
269
347
349
266
267
370
323
269
264
385
291
268
262
388
260
268
270
389
258
268
306
378
262
268
336
358
265
267
362
332
268
265
380
303
269
261
387
272
268
259
390
256
268
291
385
259
268
323
367
262
267
351
341
265
264
372
314
266
262
384
282
266
260
387
256
266
277
387
257
267
311
371
261
266
341
350
264
263
364
323
266
262
381
292
266
259
386
261
266
261
387
255
266
297
379
258
266
328
359
261
264
353
333
264
261
373
304
265
259
383
272
264
257
385
253
263
283
383
256
264
317
366
259
263
345
341
262
261
366
315
264
258
381
283
264
257
384
254
264
269
385
254
265
303
372
257
264
334
352
261
262
359
325
263
259
376
294
263
257
382
263
262
255
384
252
263
290
378
256
263
323
359
259
261
349
333
261
259
369
306
263
257
381
274
263
255
384
252
263
276
383
253
264
310
367
257
262
340
344
260
260
362
317
262
258
377
286
261
256
382
255
262
262
383
252
262
298
373
256
263
329
353
259
261
354
328
262
259
373
298
263
255
381
267
262
254
384
251
262
284
380
254
262
316
361
257
261
344
336
260
258
365
309
261
256
379
278
261
254
381
251
261
269
382
251
262
304
368
255
261
333
345
257
258
356
319
256
373
289
260
254
380
258
260
254
381
249
290
374
253
260
322
354
256
258
347
329
258
257
301
260
254
378
269
260
251
381
248
260
275
250
260
309
362
254
259
338
338
257
257
360
312
259
25251
369
239
249
286
358
243
249
316
338
246
247
341
311
248
245
359
283
250
243
367
253
249
241
369
238
249
272
366
242
250
304
347
245
248
331
322
247
246
352
296
248
244
364
265
248
241
368
238
249
256
368
239
249
290
354
243
248
319
333
245
246
343
308
248
244
360
277
248
242
366
247
248
241
368
238
248
276
361
241
248
308
343
245
247
334
318
248
245
354
291
249
243
365
260
249
241
368
237
249
261
367
239
249
294
352
243
248
323
329
245
246
346
304
248
244
362
273
248
241
367
242
248
246
368
238
248
281
358
242
248
312
339
245
247
337
314
247
245
356
286
249
242
365
255
248
240
368
237
248
266
366
240
249
299
348
243
247
327
325
245
245
348
299
247
243
362
267
247
241
366
239
247
251
367
238
248
286
355
242
247
316
335
245
245
340
309
247
243
358
280
248
241
365
250
247
239
368
236
248
271
364
239
248
303
345
243
247
329
320
246
244
351
294
247
242
363
263
246
240
366
237
247
256
366
238
248
290
352
242
247
319
331
245
245
343
305
247
242
359
275
247
240
365
244
247
240
367
236
247
275
360
240
247
307
342
243
246
333
316
245
56
284
248
241
365
254
247
239
368
236
248
268
365
240
249
300
348
244
247
327
324
246
245
349
299
248
243
363
267
248
241
367
239
248
253
368
239
249
288
356
243
248
318
335
246
246
342
309
248
244
359
280
249
242
366
250
249
240
369
238
249
273
364
241
250
306
345
244
248
332
320
247
245
353
295
249
243
365
263
249
241
368
238
248
259
368
258
265
309
369
259
264
337
347
262
262
360
321
264
260
377
290
264
257
382
260
264
259
384
253
263
294
375
256
263
325
356
259
262
350
330
262
260
369
303
263
257
379
272
262
255
382
252
262
279
380
254
263
311
364
257
261
339
340
260
259
361
315
262
258
376
284
262
256
380
254
262
264
382
253
262
299
371
256
262
329
351
259
259
353
325
261
257
371
296
262
255
379
265
262
253
381
250
261
283
378
253
262
315
360
256
260
342
335
259
258
363
309
260
256
376
278
261
254
380
251
261
268
381
251
261
302
367
255
260
332
345
258
258
355
320
260
256
372
289
260
253
378
258
260
252
380
249
260
288
374
253
260
319
355
256
259
346
329
259
257
365
303
260
254
375
271
259
252
379
249
259
273
378
251
260
306
362
254
258
335
339
257
256
357
314
259
254
373
283
259
252
378
252
259
257
379
248
259
292
369
252
259
323
350
255
257
348
324
257
255
367
295
259
252
375
265
258
250
378
248
258
279
376
250
259
311
358
254
257
338
333
257
255
360
307
258
253
373
276
258
251
377
249
258
263
378
248
258
298
365
252
257
327
344
255
255
351
318
257
253
368
288
257
251
375
258
257
249
377
246
257
283
372
250
258
315
353
253
256
341
327
256
254
361
301
257
251
373
270
257
248
376
245
257
268
375
248
257
301
360
251
256
330
338
254
254
353
313
256
252
369
282
256
250
374
251
256
253
377
246
257
289
368
250
257
319
349
253
255
345
323
255
252
364
296
257
250
373
265
256
248
375
245
256
274
374
248
257
307
358
251
256
334
334
255
253
356
308
256
251
371
277
256
249
375
248
256
258
376
246
256
293
364
249
255
322
344
253
254
347
318
255
252
365
289
256
249
372
259
256
248
376
245
256
279
372
248
256
311
353
252
254
338
329
254
252
358
303
256
250
372
271
256
248
375
245
256
263
375
246
256
297
361
249
255
325
340
252
253
349
315
254
251
366
284
255
249
372
254
254
247
374
244
255
283
368
248
255
314
350
251
253
340
324
253
251
360
297
255
249
371
267
255
246
374
243
255
267
374
245
256
301
358
250
255
329
336
252
252
351
310
254
250
367
279
254
248
373
249
255
252
375
244
255
287
366
248
255
318
346
251
252
342
320
253
250
361
293
255
248
371
262
254
246
374
243
254
271
372
246
255
304
355
249
253
331
331
251
251
353
306
254
249
368
275
253
246
372
245
253
255
373
244
254
290
362
248
254
320
343
251
252
345
318
253
250
363
289
254
247
371
258
254
245
374
242
254
274
370
246
254
307
352
249
253
333
328
251
250
354
302
253
248
368
271
253
246
371
243
253
258
372
243
253
292
360
247
252
322
339
250
251
346
314
252
249
363
285
253
246
370
255
252
244
372
242
253
278
368
246
253
309
349
249
251
336
324
251
249
356
299
253
247
368
267
252
244
371
242
253
261
372
243
253
294
358
247
253
323
337
249
250
346
312
251
248
363
282
252
246
369
252
251
244
371
242
252
280
366
246
252
311
348
249
251
337
323
251
249
357
296
253
247
368
266
252
245
372
242
253
263
372
243
253
297
357
247
252
325
335
250
250
348
310
252
248
364
279
252
245
370
249
251
246
371
241
252
282
364
245
252
